abc
bcd
cde
aaa
bbb
ccc
111
222
333
123111
222
333
123111
222
333
123111
222
333
123111
222
333
123111
222
333
123111
222
333
123111
222
333
123111
222
333
123111
222
333
123111
222
333
123111
222
333
123111
222
333
123111
222
333
123111
222
333
123111
222
333
123111
222
333
123111
222
333
123111
222
333
123111
222
333
123111
222
333
123111
222
333
123111
222
333
123111
222
333
123111
222
333
123111
222
333
123111
222
333
123111
222
333
123111
222
333
123111
222
333
123111
222
333
123111
222
333
123111
222
333
123111
222
333
123111
222
333
123111
222
333
123111
222
333
123111
222
333
123111
222
333
123111
222
333
123111
222
333
123111
222
333
123111
222
333
123111
222
333
123111
222
333
123111
222
333
123111
222
333
123111
222
333
123111
222
333
123111
222
333
123111
222
333
123111
222
333
123111
222
333
123111
222
333
123111
222
333
123111
222
333
123111
222
333
123111
222
333
123111
222
333
123111
222
333
123111
222
333
123111
222
333
123111
222
333
123111
222
333
123111
222
333
123111
222
333
123111
222
333
123111
222
333
123111
222
333
123111
222
333
123111
222
333
123111
222
333
123111
222
333
123111
222
333
123111
222
333
123111
222
333
123111
222
333
123111
222
333
123111
222
333
123111
222
333
123111
222
333
123111
222
333
123111
222
333
123111
222
333
123111
222
333
123111
222
333
123111
222
333
123111
222
333
123111
222
333
123111
222
333
123111
222
333
123111
222
333
123111
222
333
123111
222
333
123111
222
333
123111
222
333
123111
222
333
123111
222
333
123111
222
333
123111
222
333
123111
222
333
123111
222
333
123111
222
333
123111
222
333
123111
222
333
123111
222
333
123111
222
333
123111
222
333
123111
222
333
123111
222
333
123111
222
333
123
